3
4
5
6
7
8
9
11
12
15
16
17
18
19
20
22
23
24
26
27
30
31
33
34
35
36
37
38
39
41
42
43
44
45
46
47
48
49
50
51
52
53
54
55
57
58
59
60
61
62
63
64
65
67
69
70
72
74
75
76
77
78
79
80
82
84
85
86
87
88
89
90
91
93
94
95
97
98
99
101
102
105
106
107
111
112
113
114
115
116
118
119
120
121
122
123
124
125
126
127
128
129
130
131
132
133
135
136
137
138
139
141
142
143
144
145
146
147
149
150
151
152
153
154
155
157
158
159
160
161
163
165
166
167
168
169
170
171
172
173
174
175
177
178
180
184
185
186
187
188
189
191
192
193
195
197
198
199
200
201
202
203
204
206
207
208
209
210
212
213
214
215
216
217
219
220
221
222
223
226
227
228
230
232
233
234
235
236
238
239
241
242
243
244
245
248
249
250
251
252
253
255
258
259
260
261
262
264
266
269
270
271
272
273
274
276
277
278
279
280
281
283
284
289
290
291
292
293
294
295
297
299
300
302
303
304
305
306
307
308
309
310
311
312
313
314
315
316
319
320
322
323
324
327
328
329
331
332
333
334
335
336
337
338
339
340
341
344
346
347
349
350
351
352
353
354
355
356
357
358
359
360
361
362
363
365
366
367
368
369
370
371
372
373
374
376
378
379
380
383
384
386
387
388
389
390
391
392
393
394
396
397
398
399
400
401
402
404
405
406
407
408
409
410
411
412
414
417
418
419
421
422
423
424
425
426
427
428
429
430
431
432
433
435
437
438
439
442
443
444
445
446
447
449
450
451
452
454
455
456
461
462
463
464
465
469
470
471
472
473
475
477
479
480
481
483
484
485
486
487
488
489
491
492
493
494
496
497
498
499
500
501
502
503
504
506
507
508
509
510
511
512
513
514
515
516
521
523
524
525
526
527
528
529
530
531
532
533
534
535
536
538
539
541
542
543
544
545
547
548
549
550
551
552
553
554
556
558
559
561
562
563
564
566
567
568
569
571
572
573
574
575
576
577
578
579
580
581
582
583
584
586
587
588
589
590
591
592
593
595
596
597
599
601
602
603
604
605
606
607
609
610
611
613
615
616
617
618
619
620
621
622
623
624
625
626
627
628
630
631
632
634
635
636
637
639
640
641
642
643
644
645
646
648
649
650
652
653
654
655
658
660
661
662
663
664
666
667
668
669
670
671
674
675
676
677
679
680
681
684
686
687
688
690
691
692
693
694
695
696
698
699
700
701
702
703
704
705
706
707
708
710
711
712
715
717
718
720
721
722
723
724
725
726
730
731
734
735
736
737
738
739
740
743
744
745
746
747
749
750
751
752
753
754
755
756
757
758
759
763
764
768
769
771
772
773
774
775
776
777
778
779
780
781
783
785
787
788
789
790
791
793
794
795
796
797
798
799
800
801
802
803
804
805
806
807
808
810
811
812
814
815
816
817
818
819
820
821
822
824
825
826
827
828
829
830
831
833
834
835
836
837
838
841
842
843
844
845
846
847
849
850
852
854
855
856
857
858
859
861
862
863
865
866
867
870
871
872
873
874
875
876
878
880
881
882
883
884
886
887
888
889
891
893
894
895
896
897
898
900
901
902
903
904
905
906
907
908
909
911
912
914
917
918
919
920
921
922
923
924
925
927
928
929
930
931
932
933
934
935
936
937
938
939
941
942
943
944
945
947
948
951
953
955
957
958
959
960
961
962
963
964
965
967
968
971
974
975
976
978
979
980
981
983
984
985
986
989
990
992
993
995
996
998
999
1000
1001
1002
1003
1004
1005
1006
1007
1008
1009
1010
1012
1013
1014
1015
1016
1017
1018
1019
1020
1021
1022
1024
1025
1027
1028
1029
1030
1033
1034
1035
1036
1037
1039
1040
1041
1043
1044
1045
1046
1047
1048
1049
1051
1052
1053
1054
1055
1056
1057
1060
1061
1062
1063
1064
1065
1067
1068
1069
1070
1071
1072
1073
1074
1075
1076
1077
1078
1080
1082
1083
1084
1085
1086
1087
1089
1090
1091
1092
1093
1094
1095
1096
1098
1099
1101
1102
1103
1104
1105
1107
1108
1109
1110
1111
1113
1115
1117
1118
1119
1120
